101
101
201
201
301
301
401
401
501
501
601
601
701
701
801
801
901
901
1001
1001
102
102
102
102
202
202
202
202
302
302
302
302
402
402
402
402
502
502
502
502
602
602
602
602
702
702
702
702
802
802
802
802
902
902
902
902
1002
1002
1002
1002
103
103
103
103
103
103
103
103
203
203
203
203
203
203
203
203
303
303
303
303
303
303
303
303
403
403
403
403
403
403
403
403
503
503
503
503
503
503
503
503
603
603
603
603
603
603
603
603
703
703
703
703
703
703
703
703
803
803
803
803
803
803
803
803
903
903
903
903
903
903
903
903
1003
1003
1003
1003
1003
1003
1003
1003
104
104
104
104
104
104
104
104
104
204
204
204
204
204
204
204
204
204
304
304
304
304
304
304
304
304
304
404
404
404
404
404
404
404
404
404
504
504
504
504
504
504
504
504
504
604
604
604
604
604
604
604
604
604
704
704
704
704
704
704
704
704
704
804
804
804
804
804
804
804
804
804
904
904
904
904
904
904
904
904
904
1004
1004
1004
1004
1004
1004
1004
1004
1004
105
105
105
105
105
105
105
105
105
205
205
205
205
205
205
205
205
205
305
305
305
305
305
305
305
305
305
405
405
405
405
405
405
405
405
405
505
505
505
505
505
505
505
505
505
605
605
605
605
605
605
605
605
605
705
705
705
705
705
705
705
705
705
805
805
805
805
805
805
805
805
805
905
905
905
905
905
905
905
905
905
1005
1005
1005
1005
1005
1005
1005
1005
1005
106
106
106
106
106
106
106
106
106
206
206
206
206
206
206
206
206
206
306
306
306
306
306
306
306
306
306
406
406
406
406
406
406
406
406
406
506
506
506
506
506
506
506
506
506
606
606
606
606
606
606
606
606
606
706
706
706
706
706
706
706
706
706
806
806
806
806
806
806
806
806
806
906
906
906
906
906
906
906
906
906
1006
1006
1006
1006
1006
1006
1006
1006
1006
107
107
107
107
107
107
107
107
107
207
207
207
207
207
207
207
207
207
307
307
307
307
307
307
307
307
307
407
407
407
407
407
407
407
407
407
507
507
507
507
507
507
507
507
507
607
607
607
607
607
607
607
607
607
707
707
707
707
707
707
707
707
707
807
807
807
807
807
807
807
807
807
907
907
907
907
907
907
907
907
907
1007
1007
1007
1007
1007
1007
1007
1007
1007
108
108
108
108
108
108
108
108
108
208
208
208
208
208
208
208
208
208
308
308
308
308
308
308
308
308
308
408
408
408
408
408
408
408
408
408
508
508
508
508
508
508
508
508
508
608
608
608
608
608
608
608
608
608
708
708
708
708
708
708
708
708
708
808
808
808
808
808
808
808
808
808
908
908
908
908
908
908
908
908
908
1008
1008
1008
1008
1008
1008
1008
1008
1008
109
109
109
109
109
109
109
109
109
209
209
209
209
209
209
209
209
209
309
309
309
309
309
309
309
309
309
409
409
409
409
409
409
409
409
409
509
509
509
509
509
509
509
509
509
609
609
609
609
609
609
609
609
609
709
709
709
709
709
709
709
709
709
809
809
809
809
809
809
809
809
809
909
909
909
909
909
909
909
909
909
1009
1009
1009
1009
1009
1009
1009
1009
1009
110
110
110
110
110
110
110
110
110
210
210
210
210
210
210
210
210
210
310
310
310
310
310
310
310
310
310
410
410
410
410
410
410
410
410
410
510
510
510
510
510
510
510
510
510
610
610
610
610
610
610
610
610
610
710
710
710
710
710
710
710
710
710
810
810
810
810
810
810
810
810
810
910
910
910
910
910
910
910
910
910
1010
1010
1010
1010
1010
1010
1010
1010
1010
111
111
111
111
111
111
111
111
111
211
211
211
211
211
211
211
211
211
311
311
311
311
311
311
311
311
311
411
411
411
411
411
411
411
411
411
511
511
511
511
511
511
511
511
511
611
611
611
611
611
611
611
611
611
711
711
711
711
711
711
711
711
711
811
811
811
811
811
811
811
811
811
911
911
911
911
911
911
911
911
911
1011
1011
1011
1011
1011
1011
1011
1011
1011
112
112
112
112
112
112
112
112
112
212
212
212
212
212
212
212
212
212
312
312
312
312
312
312
312
312
312
412
412
412
412
412
412
412
412
412
512
512
512
512
512
512
512
512
512
612
612
612
612
612
612
612
612
612
712
712
712
712
712
712
712
712
712
812
812
812
812
812
812
812
812
812
912
912
912
912
912
912
912
912
912
1012
1012
1012
1012
1012
1012
1012
1012
1012
113
113
113
113
113
113
113
113
113
213
213
213
213
213
213
213
213
213
313
313
313
313
313
313
313
313
313
413
413
413
413
413
413
413
413
413
513
513
513
513
513
513
513
513
513
613
613
613
613
613
613
613
613
613
713
713
713
713
713
713
713
713
713
813
813
813
813
813
813
813
813
813
913
913
913
913
913
913
913
913
913
1013
1013
1013
1013
1013
1013
1013
1013
1013
114
114
114
114
114
114
114
114
114
214
214
214
214
214
214
214
214
214
314
314
314
314
314
314
314
314
314
414
414
414
414
414
414
414
414
414
514
514
514
514
514
514
514
514
514
614
614
614
614
614
614
614
614
614
714
714
714
714
714
714
714
714
714
814
814
814
814
814
814
814
814
814
914
914
914
914
914
914
914
914
914
1014
1014
1014
1014
1014
1014
1014
1014
1014
115
115
115
115
115
115
115
115
115
215
215
215
215
215
215
215
215
215
315
315
315
315
315
315
315
315
315
415
415
415
415
415
415
415
415
415
515
515
515
515
515
515
515
515
515
615
615
615
615
615
615
615
615
615
715
715
715
715
715
715
715
715
715
815
815
815
815
815
815
815
815
815
915
915
915
915
915
915
915
915
915
1015
1015
1015
1015
1015
1015
1015
1015
1015
116
116
116
116
116
116
116
116
116
216
216
216
216
216
216
216
216
216
316
316
316
316
316
316
316
316
316
416
416
416
416
416
416
416
416
416
516
516
516
516
516
516
516
516
516
616
616
616
616
616
616
616
616
616
716
716
716
716
716
716
716
716
716
816
816
816
816
816
816
816
816
816
916
916
916
916
916
916
916
916
916
1016
1016
1016
1016
1016
1016
1016
1016
1016
117
117
117
117
117
117
117
117
117
217
217
217
217
217
217
217
217
217
317
317
317
317
317
317
317
317
317
417
417
417
417
417
417
417
417
417
517
517
517
517
517
517
517
517
517
617
617
617
617
617
617
617
617
617
717
717
717
717
717
717
717
717
717
817
817
817
817
817
817
817
817
817
917
917
917
917
917
917
917
917
917
1017
1017
1017
1017
1017
1017
1017
1017
1017
118
118
118
118
118
118
118
118
118
218
218
218
218
218
218
218
218
218
318
318
318
318
318
318
318
318
318
418
418
418
418
418
418
418
418
418
518
518
518
518
518
518
518
518
518
618
618
618
618
618
618
618
618
618
718
718
718
718
718
718
718
718
718
818
818
818
818
818
818
818
818
818
918
918
918
918
918
918
918
918
918
1018
1018
1018
1018
1018
1018
1018
1018
1018
119
119
119
119
119
119
119
119
119
219
219
219
219
219
219
219
219
219
319
319
319
319
319
319
319
319
319
419
419
419
419
419
419
419
419
419
519
519
519
519
519
519
519
519
519
619
619
619
619
619
619
619
619
619
719
719
719
719
719
719
719
719
719
819
819
819
819
819
819
819
819
819
919
919
919
919
919
919
919
919
919
1019
1019
1019
1019
1019
1019
1019
1019
1019
120
120
120
120
120
120
120
120
120
220
220
220
220
220
220
220
220
220
320
320
320
320
320
320
320
320
320
420
420
420
420
420
420
420
420
420
520
520
520
520
520
520
520
520
520
620
620
620
620
620
620
620
620
620
720
720
720
720
720
720
720
720
720
820
820
820
820
820
820
820
820
820
920
920
920
920
920
920
920
920
920
1020
1020
1020
1020
1020
1020
1020
1020
1020
121
121
121
121
121
121
121
121
121
221
221
221
221
221
221
221
221
221
321
321
321
321
321
321
321
321
321
421
421
421
421
421
421
421
421
421
521
521
521
521
521
521
521
521
521
621
621
621
621
621
621
621
621
621
721
721
721
721
721
721
721
721
721
821
821
821
821
821
821
821
821
821
921
921
921
921
921
921
921
921
921
1021
1021
1021
1021
1021
1021
1021
1021
1021
122
122
122
122
122
122
122
122
122
222
222
222
222
222
222
222
222
222
322
322
322
322
322
322
322
322
322
422
422
422
422
422
422
422
422
422
522
522
522
522
522
522
522
522
522
622
622
622
622
622
622
622
622
622
722
722
722
722
722
722
722
722
722
822
822
822
822
822
822
822
822
822
922
922
922
922
922
922
922
922
922
1022
1022
1022
1022
1022
1022
1022
1022
1022
123
123
123
123
123
123
123
123
123
223
223
223
223
223
223
223
223
223
323
323
323
323
323
323
323
323
323
423
423
423
423
423
423
423
423
423
523
523
523
523
523
523
523
523
523
623
623
623
623
623
623
623
623
623
723
723
723
723
723
723
723
723
723
823
823
823
823
823
823
823
823
823
923
923
923
923
923
923
923
923
923
1023
1023
1023
1023
1023
1023
1023
1023
1023
124
124
124
124
124
124
124
124
124
224
224
224
224
224
224
224
224
224
324
324
324
324
324
324
324
324
324
424
424
424
424
424
424
424
424
424
524
524
524
524
524
524
524
524
524
624
624
624
624
624
624
624
624
624
724
724
724
724
724
724
724
724
724
824
824
824
824
824
824
824
824
824
924
924
924
924
924
924
924
924
924
1024
1024
1024
1024
1024
1024
1024
1024
1024
125
125
125
125
125
125
125
125
125
225
225
225
225
225
225
225
225
225
325
325
325
325
325
325
325
325
325
425
425
425
425
425
425
425
425
425
525
525
525
525
525
525
525
525
525
625
625
625
625
625
625
625
625
625
725
725
725
725
725
725
725
725
725
825
825
825
825
825
825
825
825
825
925
925
925
925
925
925
925
925
925
1025
1025
1025
1025
1025
1025
1025
1025
1025
126
126
126
126
126
126
126
126
126
226
226
226
226
226
226
226
226
226
326
326
326
326
326
326
326
326
326
426
426
426
426
426
426
426
426
426
526
526
526
526
526
526
526
526
526
626
626
626
626
626
626
626
626
626
726
726
726
726
726
726
726
726
726
826
826
826
826
826
826
826
826
826
926
926
926
926
926
926
926
926
926
1026
1026
1026
1026
1026
1026
1026
1026
1026
127
127
127
127
127
127
127
127
127
227
227
227
227
227
227
227
227
227
327
327
327
327
327
327
327
327
327
427
427
427
427
427
427
427
427
427
527
527
527
527
527
527
527
527
527
627
627
627
627
627
627
627
627
627
727
727
727
727
727
727
727
727
727
827
827
827
827
827
827
827
827
827
927
927
927
927
927
927
927
927
927
1027
1027
1027
1027
1027
1027
1027
1027
1027
128
128
128
128
128
128
128
128
128
228
228
228
228
228
228
228
228
228
328
328
328
328
328
328
328
328
328
428
428
428
428
428
428
428
428
428
528
528
528
528
528
528
528
528
528
628
628
628
628
628
628
628
628
628
728
728
728
728
728
728
728
728
728
828
828
828
828
828
828
828
828
828
928
928
928
928
928
928
928
928
928
1028
1028
1028
1028
1028
1028
1028
1028
1028
129
129
129
129
129
129
129
129
129
229
229
229
229
229
229
229
229
229
329
329
329
329
329
329
329
329
329
429
429
429
429
429
429
429
429
429
529
529
529
529
529
529
529
529
529
629
629
629
629
629
629
629
629
629
729
729
729
729
729
729
729
729
729
829
829
829
829
829
829
829
829
829
929
929
929
929
929
929
929
929
929
1029
1029
1029
1029
1029
1029
1029
1029
1029
130
130
130
130
130
130
130
130
130
230
230
230
230
230
230
230
230
230
330
330
330
330
330
330
330
330
330
430
430
430
430
430
430
430
430
430
530
530
530
530
530
530
530
530
530
630
630
630
630
630
630
630
630
630
730
730
730
730
730
730
730
730
730
830
830
830
830
830
830
830
830
830
930
930
930
930
930
930
930
930
930
1030
1030
1030
1030
1030
1030
1030
1030
1030
131
131
131
131
131
131
131
131
131
231
231
231
231
231
231
231
231
231
331
331
331
331
331
331
331
331
331
431
431
431
431
431
431
431
431
431
531
531
531
531
531
531
531
531
531
631
631
631
631
631
631
631
631
631
731
731
731
731
731
731
731
731
731
831
831
831
831
831
831
831
831
831
931
931
931
931
931
931
931
931
931
1031
1031
1031
1031
1031
1031
1031
1031
1031
132
132
132
132
132
132
132
132
132
232
232
232
232
232
232
232
232
232
332
332
332
332
332
332
332
332
332
432
432
432
432
432
432
432
432
432
532
532
532
532
532
532
532
532
532
632
632
632
632
632
632
632
632
632
732
732
732
732
732
732
732
732
732
832
832
832
832
832
832
832
832
832
932
932
932
932
932
932
932
932
932
1032
1032
1032
1032
1032
1032
1032
1032
1032
133
133
133
133
133
133
133
133
133
233
233
233
233
233
233
233
233
233
333
333
333
333
333
333
333
333
333
433
433
433
433
433
433
433
433
433
533
533
533
533
533
533
533
533
533
633
633
633
633
633
633
633
633
633
733
733
733
733
733
733
733
733
733
833
833
833
833
833
833
833
833
833
933
933
933
933
933
933
933
933
933
1033
1033
1033
1033
1033
1033
1033
1033
1033
134
134
134
134
134
134
134
134
134
234
234
234
234
234
234
234
234
234
334
334
334
334
334
334
334
334
334
434
434
434
434
434
434
434
434
434
534
534
534
534
534
534
534
534
534
634
634
634
634
634
634
634
634
634
734
734
734
734
734
734
734
734
734
834
834
834
834
834
834
834
834
834
934
934
934
934
934
934
934
934
934
1034
1034
1034
1034
1034
1034
1034
1034
1034
135
135
135
135
135
135
135
135
135
235
235
235
235
235
235
235
235
235
335
335
335
335
335
335
335
335
335
435
435
435
435
435
435
435
435
435
535
535
535
535
535
535
535
535
535
635
635
635
635
635
635
635
635
635
735
735
735
735
735
735
735
735
735
835
835
835
835
835
835
835
835
835
935
935
935
935
935
935
935
935
935
1035
1035
1035
1035
1035
1035
1035
1035
1035
136
136
136
136
136
136
136
136
136
236
236
236
236
236
236
236
236
236
336
336
336
336
336
336
336
336
336
436
436
436
436
436
436
436
436
436
536
536
536
536
536
536
536
536
536
636
636
636
636
636
636
636
636
636
736
736
736
736
736
736
736
736
736
836
836
836
836
836
836
836
836
836
936
936
936
936
936
936
936
936
936
1036
1036
1036
1036
1036
1036
1036
1036
1036
137
137
137
137
137
137
137
137
137
237
237
237
237
237
237
237
237
237
337
337
337
337
337
337
337
337
337
437
437
437
437
437
437
437
437
437
537
537
537
537
537
537
537
537
537
637
637
637
637
637
637
637
637
637
737
737
737
737
737
737
737
737
737
837
837
837
837
837
837
837
837
837
937
937
937
937
937
937
937
937
937
1037
1037
1037
1037
1037
1037
1037
1037
1037
138
138
138
138
138
138
138
138
138
238
238
238
238
238
238
238
238
238
338
338
338
338
338
338
338
338
338
438
438
438
438
438
438
438
438
438
538
538
538
538
538
538
538
538
538
638
638
638
638
638
638
638
638
638
738
738
738
738
738
738
738
738
738
838
838
838
838
838
838
838
838
838
938
938
938
938
938
938
938
938
938
1038
1038
1038
1038
1038
1038
1038
1038
1038
139
139
139
139
139
139
139
139
139
239
239
239
239
239
239
239
239
239
339
339
339
339
339
339
339
339
339
439
439
439
439
439
439
439
439
439
539
539
539
539
539
539
539
539
539
639
639
639
639
639
639
639
639
639
739
739
739
739
739
739
739
739
739
839
839
839
839
839
839
839
839
839
939
939
939
939
939
939
939
939
939
1039
1039
1039
1039
1039
1039
1039
1039
1039
140
140
140
140
140
140
140
140
140
240
240
240
240
240
240
240
240
240
340
340
340
340
340
340
340
340
340
440
440
440
440
440
440
440
440
440
540
540
540
540
540
540
540
540
540
640
640
640
640
640
640
640
640
640
740
740
740
740
740
740
740
740
740
840
840
840
840
840
840
840
840
840
940
940
940
940
940
940
940
940
940
1040
1040
1040
1040
1040
1040
1040
1040
1040
141
141
141
141
141
141
141
141
141
241
241
241
241
241
241
241
241
241
341
341
341
341
341
341
341
341
341
441
441
441
441
441
441
441
441
441
541
541
541
541
541
541
541
541
541
641
641
641
641
641
641
641
641
641
741
741
741
741
741
741
741
741
741
841
841
841
841
841
841
841
841
841
941
941
941
941
941
941
941
941
941
1041
1041
1041
1041
1041
1041
1041
1041
1041
142
142
142
142
142
142
142
142
142
242
242
242
242
242
242
242
242
242
342
342
342
342
342
342
342
342
342
442
442
442
442
442
442
442
442
442
542
542
542
542
542
542
542
542
542
642
642
642
642
642
642
642
642
642
742
742
742
742
742
742
742
742
742
842
842
842
842
842
842
842
842
842
942
942
942
942
942
942
942
942
942
1042
1042
1042
1042
1042
1042
1042
1042
1042
143
143
143
143
143
143
143
143
143
243
243
243
243
243
243
243
243
243
343
343
343
343
343
343
343
343
343
443
443
443
443
443
443
443
443
443
543
543
543
543
543
543
543
543
543
643
643
643
643
643
643
643
643
643
743
743
743
743
743
743
743
743
743
843
843
843
843
843
843
843
843
843
943
943
943
943
943
943
943
943
943
1043
1043
1043
1043
1043
1043
1043
1043
1043
144
144
144
144
144
144
144
144
144
244
244
244
244
244
244
244
244
244
344
344
344
344
344
344
344
344
344
444
444
444
444
444
444
444
444
444
544
544
544
544
544
544
544
544
544
644
644
644
644
644
644
644
644
644
744
744
744
744
744
744
744
744
744
844
844
844
844
844
844
844
844
844
944
944
944
944
944
944
944
944
944
1044
1044
1044
1044
1044
1044
1044
1044
1044
145
145
145
145
145
145
145
145
145
245
245
245
245
245
245
245
245
245
345
345
345
345
345
345
345
345
345
445
445
445
445
445
445
445
445
445
545
545
545
545
545
545
545
545
545
645
645
645
645
645
645
645
645
645
745
745
745
745
745
745
745
745
745
845
845
845
845
845
845
845
845
845
945
945
945
945
945
945
945
945
945
1045
1045
1045
1045
1045
1045
1045
1045
1045
146
146
146
146
146
146
146
146
146
246
246
246
246
246
246
246
246
246
346
346
346
346
346
346
346
346
346
446
446
446
446
446
446
446
446
446
546
546
546
546
546
546
546
546
546
646
646
646
646
646
646
646
646
646
746
746
746
746
746
746
746
746
746
846
846
846
846
846
846
846
846
846
946
946
946
946
946
946
946
946
946
1046
1046
1046
1046
1046
1046
1046
1046
1046
147
147
147
147
147
147
147
147
147
247
247
247
247
247
247
247
247
247
347
347
347
347
347
347
347
347
347
447
447
447
447
447
447
447
447
447
547
547
547
547
547
547
547
547
547
647
647
647
647
647
647
647
647
647
747
747
747
747
747
747
747
747
747
847
847
847
847
847
847
847
847
847
947
947
947
947
947
947
947
947
947
1047
1047
1047
1047
1047
1047
1047
1047
1047
148
148
148
148
148
148
148
148
148
248
248
248
248
248
248
248
248
248
348
348
348
348
348
348
348
348
348
448
448
448
448
448
448
448
448
448
548
548
548
548
548
548
548
548
548
648
648
648
648
648
648
648
648
648
748
748
748
748
748
748
748
748
748
848
848
848
848
848
848
848
848
848
948
948
948
948
948
948
948
948
948
1048
1048
1048
1048
1048
1048
1048
1048
1048
149
149
149
149
149
149
149
149
149
249
249
249
249
249
249
249
249
249
349
349
349
349
349
349
349
349
349
449
449
449
449
449
449
449
449
449
549
549
549
549
549
549
549
549
549
649
649
649
649
649
649
649
649
649
749
749
749
749
749
749
749
749
749
849
849
849
849
849
849
849
849
849
949
949
949
949
949
949
949
949
949
1049
1049
1049
1049
1049
1049
1049
1049
1049
150
150
150
150
150
150
150
150
150
250
250
250
250
250
250
250
250
250
350
350
350
350
350
350
350
350
350
450
450
450
450
450
450
450
450
450
550
550
550
550
550
550
550
550
550
650
650
650
650
650
650
650
650
650
750
750
750
750
750
750
750
750
750
850
850
850
850
850
850
850
850
850
950
950
950
950
950
950
950
950
950
1050
1050
1050
1050
1050
1050
1050
1050
1050














































































































































































































































